6.123233995736766036e-17 1.000000000000000000e+00
0.000000000000000000e+00 0.000000000000000000e+00
1.000000000000000000e+00 0.000000000000000000e+00
9.980267284282715590e-01 6.279051952931337388e-02
9.921147013144778759e-01 1.253332335643043138e-01
9.822872507286887211e-01 1.873813145857246010e-01
9.685831611286310761e-01 2.486898871648547948e-01
9.510565162951535312e-01 3.090169943749473958e-01
9.297764858882514583e-01 3.681245526846779192e-01
9.048270524660195768e-01 4.257792915650727150e-01
8.763066800438635839e-01 4.817536741017153235e-01
8.443279255020150753e-01 5.358267949789966567e-01
8.090169943749474513e-01 5.877852522924731371e-01
7.705132427757892533e-01 6.374239897486896345e-01
7.289686274214115524e-01 6.845471059286886151e-01
6.845471059286886151e-01 7.289686274214115524e-01
6.374239897486897455e-01 7.705132427757892533e-01
5.877852522924732481e-01 8.090169943749473402e-01
5.358267949789965456e-01 8.443279255020150753e-01
4.817536741017152124e-01 8.763066800438636950e-01
4.257792915650727150e-01 9.048270524660195768e-01
3.681245526846780858e-01 9.297764858882513472e-01
3.090169943749475068e-01 9.510565162951535312e-01
2.486898871648547116e-01 9.685831611286310761e-01
1.873813145857247120e-01 9.822872507286886101e-01
1.253332335643045081e-01 9.921147013144777649e-01
6.279051952931352654e-02 9.980267284282715590e-01
5.000000000000000000e-01 0.000000000000000000e+00
3.061616997868383018e-17 5.000000000000000000e-01
4.105019610606784886e-01 4.105019610606783775e-01
2.500000000000000000e-01 0.000000000000000000e+00
2.496155616578812075e-01 6.587386521075770940e-01
6.668925447090265912e-01 2.400960898296523038e-01
1.530808498934192125e-17 2.500000000000000000e-01
4.592425496802574219e-17 7.500000000000000000e-01
7.500000000000000000e-01 0.000000000000000000e+00
2.403868952856161867e-01 2.403868952856161867e-01
6.275943760295019658e-01 4.590525465126124027e-01
4.676263937361088141e-01 6.237802166447005137e-01
2.048648765257128912e-01 4.534800316587110913e-01
4.595291828760926789e-01 2.061837183889871916e-01
1.250000000000000000e-01 0.000000000000000000e+00
1.633957157527350101e-01 8.099139982689620432e-01
8.151009195355174430e-01 1.569657486910880084e-01
5.455195000014568807e-01 3.313169650250148979e-01
3.766794656982938028e-01 7.538773459934537957e-01
7.574417141405765941e-01 3.693526322272672746e-01
1.254925961611433882e-01 5.782924581233246375e-01
3.289878420224506272e-01 5.339262256429636588e-01
3.750000000000000000e-01 0.000000000000000000e+00
6.250000000000000000e-01 0.000000000000000000e+00
1.236019270926144997e-01 3.304264516438785160e-01
7.654042494670957545e-18 1.250000000000000000e-01
3.363744737840564936e-01 1.362543979316356013e-01
6.103473307903440892e-01 6.023405884470676153e-01
1.404638586356244112e-01 1.404638586356243002e-01
5.781356128106386327e-01 1.318798123072308093e-01
5.357829746269670127e-17 8.750000000000000000e-01
8.750000000000000000e-01 0.000000000000000000e+00
3.827021247335477694e-17 6.250000000000000000e-01
2.296212748401287109e-17 3.750000000000000000e-01
3.604406547210403100e-01 2.904482016252544208e-01
6.999732151040312100e-01 1.127314579069034067e-01
1.378668429099149106e-01 6.951795559109834599e-01
4.914100087207082246e-01 7.372442891152264366e-01
7.407263042763955196e-01 4.839876519403847888e-01
5.045509485509634962e-01 4.996011167650871165e-01
2.982481971504425955e-01 3.868463110920931092e-01
3.584701633094659057e-01 6.403189125913608670e-01
2.832013769018105198e-01 8.319989806828691492e-01
8.346503891512293549e-01 2.762932353723009937e-01
6.521164344358282294e-01 3.467921779000582849e-01
4.375000000000000000e-01 9.131955880297523698e-02
1.022317461998288046e-01 4.758562070870491212e-01
2.270488184730362902e-01 5.552314418723656164e-01
5.575951672324740427e-01 2.309062203270922931e-01
2.385048290692851070e-01 1.423459248519554909e-01
9.932699192136082433e-02 2.325420327196164039e-01
4.501972429510198159e-01 3.234849655947866220e-01
1.014523475584458018e-01 8.920498285461229138e-01
2.099056707340364869e-01 3.617918820249479972e-01
2.112228936025344062e-01 8.864639701421843654e-01
5.469947987114767152e-01 6.663682390078633500e-01
8.958751360419108245e-01 9.787787866408526050e-02
4.137402161113369892e-01 5.012702868086094110e-01
8.936753648735759059e-01 1.997601111620166958e-01
1.875000000000000000e-01 6.420243738300610015e-02
7.643025750243655214e-02 7.643025750243655214e-02
2.868707828325234854e-01 7.414022795192126702e-01
6.697697388773878879e-01 5.368110391686704563e-01
8.110436016678522764e-01 6.666545714707854120e-02
7.228496312480121866e-02 8.056275722838962539e-01
5.467688765837170894e-01 4.207500694533581886e-01
8.435628345881903689e-01 3.622462266184611202e-01
7.458182968985476169e-01 2.811504265209410769e-01
7.362919079711577330e-01 1.901429548693807925e-01
4.424753157784933055e-01 8.037127774914059053e-01
3.673469861243912060e-01 8.432431257441451722e-01
2.833960787334364739e-01 7.433401611464229841e-02
8.077491123895264025e-01 4.362982951784510899e-01
6.947698817789009773e-01 6.125220451902539942e-01
4.215916769430930189e-01 6.884364266536562305e-01
6.926997618899330966e-01 4.144656380427674813e-01
2.824842972069224190e-01 3.084148525922661976e-01
3.765198370694601837e-01 2.089636069661842122e-01
2.055316585336358082e-01 7.403312228860703392e-01
7.792456356139924878e-02 6.424267939100836156e-01
5.172600062525717357e-01 7.886050256011672976e-02
6.241196485213691414e-01 6.793237798691003082e-01
2.845871723351519056e-01 4.664537041391860761e-01
4.048991588693195975e-01 5.782649624016853451e-01
6.079719898194062555e-01 2.863075095258096892e-01
7.224042595024803004e-02 7.309064976908205002e-01
5.713374799823769390e-01 7.365638409209362969e-01
1.646402823364326029e-01 5.155438244797072578e-01
6.308406002453956218e-02 5.386048407306662789e-01
2.887632478331703112e-01 5.959900184639598253e-01
1.879011322977471865e-01 6.179800755159828851e-01
5.333825924728865520e-01 5.757534759234176347e-01
5.779434684852788884e-01 5.153484391105165319e-01
1.866298671720915126e-01 2.914190484855428975e-01
1.456270375986787047e-01 4.042406373840171097e-01
6.933093611708054937e-02 4.069646122704729252e-01
1.913510623667738847e-17 3.125000000000000000e-01
6.691787589569433981e-02 1.628346832529055932e-01
5.021498676726602328e-01 2.751697174388352263e-01
3.682281467114708051e-01 7.168230799977133583e-02
2.906191753916784748e-01 1.903840496989097075e-01
1.713568776681902994e-01 2.094938762530502985e-01
5.204097448426739936e-01 1.715495804431872995e-01
6.318892294776270457e-01 7.671482982186175748e-02
6.875000000000000000e-01 0.000000000000000000e+00
6.460314730478113887e-01 1.666994317159513905e-01
5.740531871003217465e-17 9.375000000000000000e-01
9.375000000000000000e-01 0.000000000000000000e+00
3.464881113572573779e-01 4.361003668821933910e-01
4.938024775179269965e-01 3.767647286640308235e-01
7.391172858342260898e-01 5.558952289197076624e-01
5.625000000000000000e-01 0.000000000000000000e+00
4.019186570914555778e-01 1.475025547554036087e-01
7.958333300815609856e-01 2.213875075695793115e-01
4.197744375264284011e-01 2.598276784065597922e-01
3.899997892501673724e-01 3.485867465365615758e-01
4.582964477283664739e-01 4.542387696540993725e-01
4.685799135922371073e-01 5.564844518219569380e-01
6.080028736374907261e-01 3.959645225892037823e-01
4.209723372069026264e-17 6.875000000000000000e-01
6.596266733572965502e-02 2.927685003637139904e-01
1.148106374200644017e-17 1.875000000000000000e-01
3.444319122601930972e-17 5.625000000000000000e-01
3.125000000000000000e-01 0.000000000000000000e+00
4.975127621536122173e-17 8.125000000000000000e-01
8.125000000000000000e-01 0.000000000000000000e+00
6.250000000000000000e-02 0.000000000000000000e+00
3.827021247335478772e-18 6.250000000000000000e-02
4.375000000000000000e-01 0.000000000000000000e+00
1.875000000000000000e-01 0.000000000000000000e+00
2.678914873134835064e-17 4.375000000000000000e-01
1.581120545929041998e-01 9.241272051013774691e-01
9.318414365803132648e-01 1.496193025383694974e-01
3.381400952082880829e-01 7.018180403401923506e-01
9.003621757303316153e-01 2.659448165552987797e-01
7.584269482551532215e-01 1.325325279761797037e-01
7.187500000000000000e-01 5.359811261744264893e-02
3.187260997053639744e-01 8.866236523394195324e-01
3.246199771744259222e-01 2.410510504357530892e-01
2.269994148368580933e-01 8.008801774233658133e-01
3.261181660199756194e-01 7.883645632094095079e-01
7.970228836164582331e-01 3.236333828753585884e-01
1.291602352693836109e-01 7.573241703678315062e-01
1.954418909844065910e-01 6.821743913220281730e-01
2.649374773152022855e-01 9.114664242308448960e-01
4.653155258683477902e-01 1.455294772326082009e-01
5.014067736196231584e-01 7.958513189438383151e-01
4.341580158957580871e-01 7.463421847607587534e-01
4.790287052206603224e-01 6.806148579101839458e-01
7.493162403056634613e-01 4.267040046677226806e-01
6.841098258606651550e-01 4.717492853154295895e-01
7.995954981584564303e-01 4.957809103454283162e-01
2.512690719208702239e-01 4.197603058547065835e-01
3.329806056259569935e-01 3.409931836009563733e-01
5.745145707276574365e-01 7.457974142262094319e-02
6.872821777408604227e-01 2.972910057692914054e-01
1.574154761289431881e-01 8.668661622583297977e-01
6.982153953902447974e-02 3.498024113881675889e-01
8.958997176513514016e-02 9.477629037655388444e-01
1.347182153837181984e-01 6.383251021988031182e-01
8.894498779270655353e-01 3.244097137764527794e-01
1.334143117594968897e-01 8.347980437856396263e-02
4.790319223615167876e-02 5.937464634838149902e-01
4.690705253989393281e-02 9.062500000000000000e-01
4.715164936820926966e-01 4.755319475956928249e-02
3.039633977794669040e-01 6.490591720862968206e-01
3.498044162961956860e-01 5.854390201652963643e-01
4.131693937389964155e-01 6.328489311757883318e-01
6.125791409319399916e-01 2.315135285995471026e-01
5.052731432105773274e-02 4.582468037950170880e-01
4.781123580296606917e-02 2.141056328527362884e-01
9.394994109712606623e-01 5.864021067547411231e-02
5.987715919506703122e-01 3.393740153008433236e-01
7.040064200783843207e-01 3.616796028436292110e-01
2.733410742780352787e-01 5.221995768982705677e-01
5.855967673737121348e-01 1.850709280864626105e-01
1.466887410084856125e-01 2.564788884812300163e-01
1.534517781756362109e-01 4.642253491949431266e-01
6.767999747464387150e-01 6.767999747464388260e-01
1.118595701074189958e-01 8.404043034222872244e-01
1.139616588433530059e-01 5.275124568880655840e-01
1.763701949799567903e-01 5.672000742807239426e-01
2.155178811552460050e-01 5.044514406371066739e-01
4.843687655528196301e-02 8.531243496173830376e-01
2.386168488729908110e-01 6.082906956959088784e-01
4.198747010282786185e-01 8.519165202785088375e-01
8.707611822237943944e-01 1.483004996500369987e-01
8.364132660847756195e-01 1.107668590338029002e-01
5.070678604019303037e-01 2.244724211057652907e-01
5.523616829206694501e-01 2.812083258947769004e-01
1.250321200456079862e-01 1.887978166401345081e-01
8.424709902535756356e-01 2.002439336497184863e-01
8.640448924418455690e-01 5.350151280737321102e-02
6.484090168448579661e-01 6.352548723066522296e-01
4.130243577535047117e-01 4.565977940148761849e-02
5.487439694178237737e-01 4.725351125327870161e-01
3.315363214788625834e-01 4.839038693902895094e-01
2.065721256761474112e-01 9.361844484645740483e-01
1.899271999455031112e-01 1.183355434136515033e-01
2.333350015571344083e-01 8.926827269643722307e-02
2.415534061381572062e-01 1.913259521125831031e-01
2.875705983228062923e-01 1.414040224382820121e-01
3.655872215274191261e-01 3.910226340197853201e-01
8.543496493134088432e-01 4.131493524479850077e-01
2.317909401291886884e-01 3.155176816912652060e-01
2.629079378852844928e-01 3.531494138083137169e-01
4.438587925273010937e-01 3.731560655066317178e-01
4.977208898206829102e-01 3.290742368451364808e-01
1.960682043961712029e-01 1.670572515799363944e-01
6.562500000000000000e-01 3.586040513820563935e-02
4.980191541409840217e-01 4.255703671313711967e-01
6.183015785619068172e-01 5.498465352066725931e-01
2.915915758694926918e-01 6.945226269846094258e-01
2.465594024795177974e-01 7.136653943737262251e-01
3.918150832099074887e-01 4.566105619357421208e-01
4.051559304463863143e-01 3.042973884222986980e-01
1.092454446345094005e-01 3.749033070659238964e-01
6.869231812817219174e-01 1.947399728472871128e-01
7.669288810377135057e-01 4.577936611346396234e-02
5.084391296620464074e-01 1.255583073096256941e-01
7.981388975915605366e-01 5.424146346889218151e-01
6.181361380241734427e-01 7.267620292880068167e-01
2.069897212561027100e-01 4.076142103225383062e-01
1.620111768683719922e-01 3.591587578071184783e-01
5.480230108001747924e-01 7.799500188922308119e-01
5.619343832899920121e-01 6.177942066941021215e-01
5.153687559020542208e-01 6.300567828919606539e-01
7.509243402879538509e-01 2.346136085042224984e-01
9.489935361140087178e-01 1.052512016664919059e-01
6.222448890994380921e-01 5.043775795293414799e-01
3.349811091450134726e-02 7.812500000000000000e-01
6.251128085966931591e-01 1.238834511293828988e-01
5.432434969630072219e-01 4.135979059572261751e-02
4.593365303965005753e-01 5.108241782273960085e-01
3.687743089526389073e-01 5.108771226205892635e-01
2.292413431446866101e-01 4.231436593747459063e-02
3.437500000000000000e-01 3.320882501870307119e-02
7.255134567324478256e-01 3.217271133138850936e-01
2.718621738666064935e-01 7.861670520768059278e-01
9.375000000000000000e-02 3.378894308910319888e-02
1.004022853708155943e-01 1.164918307672452996e-01
3.378894308910321276e-02 9.374999999999998612e-02
2.530090552661247161e-01 8.668924244837311610e-01
1.968653500369406117e-01 8.422185224306532048e-01
4.369263469999497274e-02 9.522544215196437900e-01
5.188966369406091683e-01 7.015664653992936817e-01
5.937500000000000000e-01 3.322334574663198675e-02
5.060638755359937041e-02 6.850942449494331621e-01
5.663406157621773129e-01 3.737124690107632152e-01
3.699692027105677128e-01 7.983467782698949744e-01
1.562500000000000000e-01 3.210121869150305007e-02
9.275057767747142412e-01 2.297722832540806948e-01
5.846538890339213479e-01 4.452353135935541162e-01
7.902853283069926071e-01 2.796542894694177828e-01
7.099728200824615421e-01 2.536689146869072209e-01
5.782290616716715403e-01 5.706241480238525288e-01
1.114668367373279068e-01 2.860601200190128757e-01
7.053550327956567001e-01 5.105430915151929483e-01
6.538510273000808226e-01 5.820828907661274032e-01
6.761457803484953732e-01 7.541406744734142908e-02
1.913510623667739001e-18 3.125000000000000000e-02
3.125000000000000000e-02 0.000000000000000000e+00
4.402006694630183903e-02 4.402006694630183903e-02
7.393444479134685388e-01 9.268532466817738791e-02
3.339162237335964178e-01 1.980708158120199902e-01
8.856650840257823676e-01 3.799188668877597763e-01
9.501004832464987615e-02 6.834449774810035239e-01
8.684108867556300515e-01 2.357427918453073867e-01
5.971102594359367632e-01 6.444322365233329242e-01
3.338029067765191926e-01 7.453238012194257633e-01
7.644337704777632858e-01 5.929556133140034824e-01
9.062500000000000000e-01 0.000000000000000000e+00
6.532065664559078000e-01 3.921439398205477933e-01
3.623307863383339877e-01 8.865583736065185683e-01
8.460733108173749129e-01 3.185473556208117119e-01
8.005768693481145615e-01 3.667034312392996043e-01
7.750289731152307793e-01 1.719689157828689918e-01
7.082223372751258461e-01 1.560867275233218943e-01
3.261202727618863206e-01 8.312893256167032119e-01
3.263801761733389206e-01 9.118135276816252688e-02
1.144118212544884966e-01 7.975943681413663056e-01
3.821730698709603913e-01 7.095154935063957558e-01
7.931395915513298478e-01 1.063126205947456937e-01
9.990133642141357795e-01 3.139525976465668694e-02
9.687500000000000000e-01 0.000000000000000000e+00
2.825680139102413890e-01 2.325287525107135878e-01
4.585613533793285734e-01 2.803892184098347173e-01
1.205688024962400934e-01 4.380120807385599058e-01
1.958598646022262912e-01 2.473121081855350900e-01
3.646500975633089059e-01 1.680798637544634877e-01
3.779468080197763147e-01 2.515739209343215155e-01
4.183474665761123257e-01 2.172173644384224889e-01
3.963169506431786226e-01 1.045963925647424020e-01
4.762846361574218923e-01 8.323426952475363461e-01
4.092379887721481202e-01 7.792431614220509672e-01
4.673953429021032724e-01 7.708118008301136914e-01
4.583138357319723188e-01 4.124089308808702725e-01
3.130227758146190975e-02 7.222245499193050700e-01
7.757056757357706500e-01 4.622060606764448742e-01
8.345696055494282728e-01 4.702748682511965761e-01
4.344471876408251831e-01 1.731877999347178898e-01
7.645234646732479433e-01 5.180250488187088109e-01
2.812500000000000000e-01 0.000000000000000000e+00
4.937329143115827823e-01 5.904954846596518481e-01
5.082295917535407659e-01 5.417424430857227247e-01
1.714421845717359894e-01 7.672374222639892771e-01
1.728373867585767942e-01 7.160497654372370846e-01
6.619374184565424146e-02 4.969588449737892821e-01
2.427413072843949970e-01 4.721628137772327927e-01
2.910742500305105174e-01 4.265910725098988054e-01
6.332378028433388595e-02 2.519517704398406277e-01
4.790570733711748130e-01 9.582624782439866373e-02
5.480031573588699523e-01 1.050195637672417942e-01
2.392428980382539927e-01 7.624590294518639455e-01
9.407496416515686022e-01 1.902949212032901127e-01
6.494631339000521697e-01 2.785414136226669890e-01
3.221401860529942152e-01 3.023720756888497729e-01
2.526370785030253030e-01 2.798456168419135026e-01
5.314262715550519545e-01 7.430740667671934530e-01
1.042919631207229053e-01 6.122757050965874637e-01
3.918426670116296334e-02 6.327207830449004256e-01
3.038273014310419740e-01 3.946890951736976849e-02
7.343700545857750894e-01 6.197155237588690690e-01
6.980893022862532105e-01 5.694428688938462102e-01
7.073374475414192508e-01 6.506863559996921564e-01
4.540130084331540083e-01 7.117169682022452815e-01
2.967648004011360086e-01 2.704875104664397067e-01
3.861226189512770857e-01 6.695046569723296370e-01
4.450825219361104201e-01 6.564454404096591311e-01
7.181573982778062248e-01 4.513174716916766860e-01
3.914235958301123808e-02 3.232306422645068733e-01
8.432651235240203047e-02 5.741135438819195969e-01
7.831021480866078299e-01 4.036713320415045159e-01
6.568038474633975943e-01 4.318773515828399079e-01
7.266157757771432024e-01 3.941264283345595754e-01
8.698833689099375044e-02 7.682582578316834443e-01
1.722159561300964870e-17 2.812500000000000000e-01
3.268079600722488820e-01 6.171943731150769663e-01
5.820846680442073318e-01 6.935182708154614684e-01
4.280320881137754108e-01 5.419163109107019149e-01
3.821390909681500747e-01 6.096319436163365468e-01
4.359294616401658828e-01 6.014819499611371301e-01
6.520303211490841022e-01 7.071378664945102699e-01
1.733633074597571988e-01 4.311252708705631820e-01
3.645824167326491838e-01 5.495047199032989660e-01
8.266787457672994388e-02 1.978996967652776051e-01
3.929488193786440098e-02 1.335953581424703940e-01
1.049388513714565041e-01 1.557521245079981909e-01
4.058876948230046716e-02 3.781347224030138787e-01
6.495862996011275703e-01 2.053520004840030944e-01
6.644602729628033000e-01 1.311775256699745096e-01
3.524849258801471957e-02 4.235560697882715941e-01
9.028195342928569955e-01 4.069152814482464298e-02
8.703706777052628851e-01 2.893077496351507127e-01
1.294611317521404958e-01 9.522093085603684504e-01
2.668539965826766114e-01 5.620622085275578383e-01
1.486337639968141888e-01 2.945544943582458219e-01
2.664947053983027225e-01 1.090508951300781931e-01
5.408608338989415731e-01 5.092755289682447950e-01
1.613880540022311905e-01 6.653625265823530643e-01
6.290308976805502050e-01 3.172894063936912978e-01
5.824448148402030512e-01 2.589149053771716003e-01
1.083053009355083030e-01 7.190159763809120808e-01
2.665398743079233079e-01 4.103716894469831844e-02
5.759870173858213649e-01 3.099557530098164815e-01
4.949316703368991099e-01 4.631463060214672245e-01
6.007847168361851731e-01 7.605386145339552151e-01
8.437500000000000000e-01 0.000000000000000000e+00
1.593808772965276122e-01 1.741069608044736872e-01
8.313862793247828176e-01 3.528998617355275091e-02
4.534254945916599833e-01 2.432131721802386071e-01
1.876270174105232058e-01 3.301248921448414197e-01
8.302040568246304986e-01 2.382624497114674000e-01
2.724228964424653121e-01 6.293816496215853817e-01
1.453371434901520043e-01 5.470870285596420857e-01
1.565256476509483130e-01 5.984055038444063834e-01
3.155832743235126858e-01 5.693055149633960976e-01
3.387816027181304174e-02 5.154849565776610243e-01
2.077456796267558026e-01 5.867746459523004443e-01
2.182307318023821996e-01 6.391582501369773572e-01
1.956733338262373889e-01 5.356568702007890037e-01
1.844848296654411912e-01 4.843383949160248725e-01
1.332647976896335906e-01 4.959692528081308116e-01
4.073344524486534057e-01 8.166368608251470818e-01
3.655384109254086744e-02 8.181045329871639016e-01
8.429784391262087895e-02 4.438018869256222798e-01
6.102716016547472533e-01 1.576525617806915081e-01
5.305415115442737584e-01 3.864074976418873097e-01
2.093787382331407931e-01 2.117059935490943068e-01
8.905668662549415249e-01 4.537664828333939915e-01
5.423702133668411030e-01 1.416705033156188120e-01
3.594476701788946738e-01 1.074936812012929066e-01
5.073622031240044850e-01 4.425043780867848192e-02
8.200417927361902670e-01 3.985185971401333793e-01
5.524952446965053499e-01 5.442439027277742314e-01
7.614899334240853301e-01 3.143612971940576983e-01
3.533647671228289794e-02 1.802611706381019863e-01
2.406650021882290047e-01 3.835851948128944922e-01
2.969605008595949114e-01 3.414005068592779191e-01
1.380056502105529992e-01 2.219519241649134944e-01
2.327677796341255934e-01 8.367375537402621521e-01
5.242844564150501707e-01 3.028959248904716794e-01
5.302270941782795122e-01 2.534821184431405028e-01
3.146604260921432861e-01 1.643028054992425047e-01
6.024239409311408222e-01 9.655280972240193327e-02
5.831042947520923558e-01 4.804646891109822238e-01
3.786386584939008260e-01 3.803512521285717235e-02
9.598198387118923591e-01 2.788534407699010953e-01
4.920628725254478919e-01 1.925464839254711902e-01
5.496306813885980525e-01 1.945695880260709110e-01
6.514826409374304683e-01 4.848501620304334070e-01
3.121037399658609102e-02 2.656250000000000000e-01
2.994116213718939767e-01 4.984516915204206255e-01
5.113360779264257694e-01 6.654974398765345356e-01
3.221556670484315155e-01 4.116814510785233860e-01
3.154066943393363798e-01 4.510099883135688104e-01
3.790056972057173068e-01 4.245781722555940219e-01
9.250005069339249653e-02 3.150906824998637168e-01
4.710645958617393769e-01 3.508902863882533141e-01
7.139988000653018085e-01 2.181218585779504948e-01
2.887139535275520252e-01 8.672778670710808990e-01
6.511534131768978440e-02 1.097243257616007939e-01
4.026750956798740844e-01 1.865283808098837093e-01
2.656351521689870876e-01 1.673541987759762095e-01
5.166478683902895842e-17 8.437500000000000000e-01
3.326679665636012029e-01 3.768373262346899066e-01
3.536030919316739823e-02 5.606328115576748594e-01
4.018372309702251979e-17 6.562500000000000000e-01
7.665543537689440967e-01 2.048281531260434107e-01
8.099497011506986421e-01 1.905173000113924986e-01
3.982526241131325029e-01 8.811141818735677145e-01
6.166861891553384600e-01 1.980679483595985113e-01
2.177539866466697005e-01 2.749129845900004088e-01
5.247195219640080621e-01 4.466790565347946163e-01
3.964115628340323938e-01 5.301990039687786149e-01
6.932286588351435075e-01 3.301127407135491798e-01
4.254967955544263769e-01 4.677867440808928245e-01
9.158489671459030257e-01 2.990862021944125093e-01
9.404165010917024947e-01 3.385707735298126853e-01
4.534164178468675921e-01 8.575096205476093747e-01
4.248804341857749245e-01 1.226859779519695048e-01
1.670156030667249991e-01 9.224187706176949220e-02
1.241151951713607982e-01 9.180984031917296395e-01
8.603173027729393851e-01 5.087902345403559901e-01
3.648042753026687901e-01 4.771668400910786811e-01
1.771737236034812979e-01 3.901874822839351276e-01
5.191907755208714503e-01 3.548444962793382840e-01
6.224576426475041391e-01 3.645584234397337142e-01
6.237684813217421187e-01 4.256546413649142102e-01
5.790215748209792679e-01 4.123983781807729065e-01
7.794890031612821124e-01 7.628207760135430338e-02
8.309963070743110747e-02 8.614801697400311653e-01
9.567553118338695775e-18 1.562500000000000000e-01
3.385707735298127963e-01 9.404165010917024947e-01
2.832622820404712832e-02 4.828295490625476027e-01
9.644214429930684229e-01 3.445626760075644335e-02
5.323650572391446234e-01 8.103278859579159388e-01
7.984556768226791501e-01 3.622146939520783093e-02
1.563572740750145962e-01 9.872009760215831875e-01
4.098630713098019851e-01 3.763614382818425974e-01
4.239579645777256101e-01 3.452913336571595271e-01
3.760741192637476749e-01 3.190833306987985729e-01
3.397722766038379083e-01 8.612747999464667181e-01
3.000095823794660110e-01 9.167512857335450294e-01
1.775479671750171962e-01 8.952560095980327537e-01
1.673078579789555043e-01 9.559443377023010280e-01
6.609855478386892358e-01 7.497409350986004029e-01
9.611638384079006503e-01 1.354555073875164106e-01
6.874361505892616631e-01 4.495423655184525163e-02
1.935070043661235861e-01 7.934944908798859942e-01
2.104861686034513132e-17 3.437500000000000000e-01
9.950707148713746619e-01 9.406187654680880916e-02
9.666243606494813179e-01 7.738758680674051593e-02
4.335360908602756136e-01 4.333135541640700250e-01
3.347270186060578023e-01 6.665798938734424084e-01
3.121887318312038251e-01 7.211999623320826114e-01
3.139525976465679102e-02 9.990133642141357795e-01
5.931882933369991134e-17 9.687500000000000000e-01
9.754352059286599541e-01 2.180356008752896979e-01
7.497409350986004029e-01 6.609855478386891248e-01
2.562596470704969764e-01 8.143459191045588907e-01
1.972763967474840952e-01 3.210121869150305007e-02
1.034140472520019977e-01 4.085198511658829079e-01
1.556022810481637042e-01 3.276873173520866156e-01
7.266556490590413420e-01 5.870549854273761081e-01
3.596997235625747913e-01 3.593956779918671129e-01
4.033939389679416787e-01 7.346644855776575112e-01
5.519314448845566989e-01 7.088543255334307513e-01
1.720935717324635905e-01 1.448188698249323891e-01
8.420395207761401934e-01 7.818256709596592413e-02
1.069000306856311006e-01 6.396818945040029514e-02
4.654465139672112756e-02 7.512110804038720779e-01
2.995529478492808262e-01 1.105569961001548057e-01
6.547219066877358884e-01 1.000306961099825948e-01
2.313498954751853909e-01 9.134243668127085547e-01
2.941381054049230781e-01 5.460431543697975565e-01
6.776456387654017366e-01 1.644328789532273905e-01
9.131891157014736526e-01 1.750175575381711923e-01
9.199419935625973155e-01 1.195197073001760951e-01
5.618060236357349524e-01 8.266724599384811523e-01
7.067578666750500282e-01 7.067578666750500282e-01
5.087902345403558790e-01 8.603173027729393851e-01
9.406187654680900345e-02 9.950707148713746619e-01
2.788534407699010953e-01 9.598198387118923591e-01
9.173017691771354620e-01 3.969519221248752894e-01
8.266724599384812633e-01 5.618060236357349524e-01
9.872009760215832985e-01 1.563572740750144019e-01
7.897651185753683523e-01 6.126046210205813303e-01
6.126046210205815523e-01 7.897651185753682412e-01
4.537664828333938805e-01 8.905668662549416359e-01
3.969519221248754004e-01 9.173017691771354620e-01
2.180356008752896979e-01 9.754352059286598431e-01
1.435155354289202878e-01 7.854174066802096510e-01
1.423012007983426863e-01 7.274830353535088889e-01
1.885025628685512988e-01 6.494255946303606475e-01
6.245729966407711498e-01 4.466212909960964872e-02
1.249556961260673976e-01 3.130441484036983191e-02
2.870265935501608733e-17 4.687500000000000000e-01
3.252968060235157303e-17 5.312500000000000000e-01
2.487563810768061087e-17 4.062500000000000000e-01
1.562500000000000000e-01 0.000000000000000000e+00
5.937500000000000000e-01 0.000000000000000000e+00
5.740531871003217773e-18 9.375000000000000000e-02
9.375000000000000000e-02 0.000000000000000000e+00
3.437500000000000000e-01 0.000000000000000000e+00
5.312500000000000000e-01 0.000000000000000000e+00
4.401074434435801166e-17 7.187500000000000000e-01
4.783776559169347888e-17 7.812500000000000000e-01
6.562500000000000000e-01 0.000000000000000000e+00
4.062500000000000000e-01 0.000000000000000000e+00
1.339457436567417994e-17 2.187500000000000000e-01
4.687500000000000000e-01 0.000000000000000000e+00
5.549180808636443796e-17 9.062500000000000000e-01
3.635670184968705258e-17 5.937500000000000000e-01
7.187500000000000000e-01 0.000000000000000000e+00
7.812500000000000000e-01 0.000000000000000000e+00
2.187500000000000000e-01 0.000000000000000000e+00
4.763211508188727739e-01 3.061956114754640912e-01
8.286642053892369075e-01 5.083169708292321065e-01
7.097748870238895780e-01 8.329601510731893255e-02
7.343750000000000000e-01 2.679905630872132100e-02
7.399841379718872236e-01 1.585040123013876090e-01
7.294409825009067205e-01 1.219208418635573943e-01
7.897251982009229065e-01 1.378803505398888130e-01
6.584065494878952318e-01 3.080184396200120744e-01
3.277253802742683964e-01 2.718872847335218057e-01
1.251576997443979988e-01 8.699553993634738802e-01
4.100390612537376245e-01 7.664992711708042139e-02
5.667728586036188121e-01 1.605925222335745084e-01
2.996655645105483767e-01 7.705904871872207851e-01
3.510500422163261858e-01 7.706096217048539199e-01
3.043000995045955781e-01 8.098280152927012088e-01
1.437794705331393030e-01 8.944414306486585531e-01
9.013485125655744667e-01 1.467736902056925863e-01
3.079031007871648185e-01 2.155272869705487093e-01
3.542977010478109978e-01 2.310368518274711069e-01
4.648731760282858172e-01 1.760904033031172877e-01
4.952176496053620758e-01 1.535530893253821971e-01
4.558295305027714739e-01 1.161556750873637966e-01
6.789430573485505382e-01 6.388852573085440634e-01
9.324090534142678299e-01 2.617221109543578228e-01
8.686259044130510976e-01 1.157714298002062020e-01
3.671954202796320899e-01 1.373448485800798091e-01
7.713463743292042762e-01 5.610562930113913716e-01
6.821269469140187613e-01 2.668969667372464993e-01
7.173986895845951839e-01 2.922977496340076198e-01
5.078582354756256967e-01 7.645947720812219517e-01
3.274870041050449987e-01 5.992453094444485928e-02
2.473844382472265013e-01 5.036982864545397343e-01
8.196736704534008933e-01 3.030131099441598086e-01
8.198875452757033999e-01 3.434283283517651775e-01
7.730307666687108448e-01 3.428555559130614938e-01
8.384556534174999465e-01 4.396331992521012033e-01
4.843841769752079141e-01 6.499793283140296030e-01
5.061636126697403038e-01 8.260193543433407282e-01
3.566660864170344003e-01 7.256340111542796123e-01
1.224049743932570933e-01 6.675214286471606862e-01
4.406348174422967112e-01 5.705517540669059473e-01
2.288779098574154902e-01 6.851331903187667383e-01
2.166097602509632070e-01 7.124805386007287966e-01
1.347455342406387868e-01 8.202876753901447993e-01
7.796348233367338398e-01 2.492426542113027887e-01
2.666278153921963073e-02 2.357253536880047073e-01
6.245408504784636383e-01 2.601099632903278169e-01
6.768801664089387771e-01 5.009228784885596530e-01
7.350658754347720869e-01 5.132826873752807106e-01
6.474302099190909487e-02 9.306107431387602436e-01
4.774842442299788159e-01 4.872466510178246057e-01
8.729724250558781318e-01 3.511698339658334000e-01
9.112459327981218271e-01 3.447609328944226115e-01
4.719945848091445795e-01 8.001833982624354524e-01
8.051847716142246369e-01 4.658966324688091909e-01
8.982986476051010305e-01 2.361259151049829030e-01
2.496323056980898902e-01 9.379819577926969965e-01
7.323542153858728088e-02 6.117212878796789433e-01
7.115144158820053688e-01 5.412009276823145365e-01
3.948043330206015833e-01 2.762568900946993922e-01
6.833756873398907361e-01 3.848644919501729156e-01
8.678880680188609809e-01 1.804113280618792059e-01
9.214059910380828500e-02 2.623080898443900799e-01
7.784390386166359921e-01 4.328167745731962834e-01
3.405621776842330806e-01 9.091249886884286147e-01
4.636699494038636904e-01 5.898790544665708513e-01
9.353468374617521786e-01 2.942760629732203009e-02
9.108743664734655354e-01 7.068448316507447426e-02
2.542936487929479128e-01 6.815176948510523469e-02
4.418498871530457950e-01 5.959793071055274200e-02
4.384323177474280242e-01 2.988966115738860008e-02
9.575037847521070677e-01 1.653123785507326082e-01
4.298085218916818939e-01 2.877638008135214864e-01
6.035489098045042633e-01 6.632234936464005692e-02
4.780769724976802748e-01 2.587503601957699129e-01
3.017943400608848886e-02 6.621169010334740923e-01
3.687262326081842956e-02 2.941942557843100770e-01
2.664077433606106271e-01 2.076001739271138014e-01
4.628459731176006176e-01 7.421831490618007177e-01
4.387073856802607974e-01 7.749708365290717271e-01
4.829946985873029841e-01 7.094159667192488916e-01
7.468580575247560915e-01 4.556212623661015093e-01
6.902415791090257269e-01 4.433828957411461991e-01
7.120256450294456529e-01 4.796838612659600765e-01
3.633400107133967216e-01 6.874560926795566518e-01
4.813480515981530816e-01 5.301339493745791387e-01
7.205442692536652149e-01 4.224494769423383089e-01
8.403338498231657239e-01 1.713016998500558052e-01
8.409354768972024941e-01 1.408683548667183094e-01
2.689053871338468737e-01 3.949487940890923920e-01
6.028458278003451243e-02 8.800503719861368923e-01
2.984908398735970983e-02 8.810251036200766883e-01
6.501557756222374751e-01 5.145155555512450629e-01
3.474529986417623229e-01 3.161240061328324802e-01
8.110889551614736126e-01 2.597725853767162141e-01
1.441605948566450079e-01 1.110784522710630967e-01
1.566006674879419081e-01 6.302113551087266952e-02
5.458626348098118974e-01 7.639038256347273348e-02
2.677266818698678108e-01 4.432507428056062793e-01
2.242715172010310010e-01 4.313969611215511812e-01
7.327526329685710715e-01 3.513891009706249791e-01
8.711637830460583487e-01 8.199904929184274882e-02
7.549077799648232778e-01 3.986099769503285151e-01
1.675151669710460978e-01 8.391366179788931623e-01
8.585362624605936688e-01 2.499110005563969991e-02
5.204250677000376024e-01 6.015946092277393298e-01
8.205571549730143743e-02 1.385040443962964052e-01
7.927390646608470370e-02 3.784667435689185178e-01
9.923440851589693246e-02 3.471164304736221728e-01
6.847857542123522712e-02 9.687831405675053631e-01
9.569347859883699237e-02 9.199430561425081532e-01
1.063429220120351987e-01 6.406740961445381854e-01
1.607209586142105961e-01 6.266136578219971831e-01
7.716010713689367417e-01 4.904133453439049051e-01
7.118952675468084856e-02 8.348129941479539573e-01
2.503374493342365725e-01 5.389152190723830449e-01
5.941278040824734541e-01 3.674721423812370991e-01
4.783091936064943761e-01 2.282970626869822994e-01
8.553232977783759017e-02 5.193419428011477601e-01
8.617907089625744810e-01 4.567308578829757937e-01
1.856563928203079084e-01 8.681726261846874904e-01
2.345352626994699069e-02 9.218750000000000000e-01
4.172886222205755002e-01 6.606566050382884914e-01
5.781600438069941506e-01 7.804539059179910199e-01
2.711521808512399878e-01 2.584325550483498879e-01
4.492540262476389934e-01 6.841286651183313694e-01
1.072987235340646939e-01 9.699541991509734729e-01
4.268769967392607168e-01 7.191617697410151999e-01
3.765139245763580167e-01 5.754174394342879140e-01
3.542481301474524891e-01 6.128614642597403073e-01
4.490217935212745259e-01 4.841119390332238037e-01
7.648587526317367491e-01 1.049595609074221031e-01
4.843750000000000000e-01 2.294805746074501940e-02
4.901740821093155120e-01 6.936422385209529973e-02
5.801839193222912971e-01 5.429754556101284990e-01
2.105620903612278882e-01 7.694105467725391723e-01
2.343149269439984833e-02 6.093750000000000000e-01
1.069810608739573954e-01 5.557967877885614527e-01
3.858744822576538058e-01 6.369844921063603227e-01
4.404643052203389142e-01 6.287133702452163408e-01
2.990980224744586025e-01 6.217413183208804206e-01
2.772882717474736136e-01 6.566995033870016707e-01
2.617939581276391148e-01 6.869646603620663816e-01
5.754236095553273422e-01 1.021363679437435057e-01
1.329316078721982097e-01 3.579933966362575104e-01
6.146730741927677877e-02 7.797939844690813249e-01
5.852514942546698240e-01 2.163309799540457934e-01
6.403985973975785395e-01 2.316106699610840092e-01
4.226719555731117683e-02 3.506194130306459766e-01
4.488861717911051263e-01 8.304199615386466116e-01
1.187289566763655990e-01 2.529767626824658833e-01
3.517950956631298864e-01 8.198100515081166995e-01
7.031250000000000000e-01 2.249935612252156047e-02
7.344889070537499731e-02 2.236597653364365001e-01
5.761992692339007460e-01 6.648739690791909407e-01
5.206706403991776533e-01 4.745304425340027832e-01
2.310732099054434857e-02 4.531250000000000000e-01
7.544353046097729276e-02 4.697997722089325978e-01
5.190525496992700605e-01 1.993506000582762061e-01
3.916420296653748134e-01 4.844073176195173858e-01
8.738098613088761679e-01 4.322527286574072147e-01
7.532002257869127027e-01 6.926972449563947865e-02
4.089745927446539753e-01 6.051630322748650093e-01
2.344136967210737055e-01 5.814164074766310364e-01
2.613299268296714883e-01 5.896674097656694480e-01
2.179246310207489934e-01 8.598370537451777151e-01
2.091129633267105881e-01 1.406651901724501885e-01
2.181315019699945901e-01 1.135093253506481992e-01
1.997262488465454122e-01 9.077520937029792680e-02
3.514216471060767066e-01 2.582336167823305884e-01
1.302889932757911040e-01 6.048894049640747284e-01
8.131393404935887137e-01 1.244443278386083984e-01
6.784816853127729752e-01 3.527710847014627893e-01
6.591306939651372931e-02 3.197628354715880139e-01
5.719539381209223228e-01 3.366118989317539723e-01
2.363433015015171945e-01 3.570811998194320935e-01
8.802715607964767264e-01 4.062067850933618884e-01
9.622772388670680632e-02 7.430227914340229445e-01
8.734862375340229912e-01 2.623754295647712786e-01
6.026135770932951052e-01 3.128658726237876775e-01
6.391936538612970065e-01 6.074472260945462665e-01
6.208141630606320849e-01 6.289689228970906099e-01
6.672763768394806005e-01 6.067582628990673133e-01
4.818494701371027200e-01 1.224508393023922004e-01
7.397770783148839568e-02 9.035571792517710366e-01
1.465107956054247929e-01 4.310786428770181922e-01
6.600286805929491685e-01 4.589549586378309232e-01
4.247798709247481153e-01 8.781538538629558577e-01
3.925085376465702880e-01 8.542555958458426524e-01
6.253732691699237511e-01 5.777677516186783269e-01
6.026975473719805576e-01 5.272453275622567270e-01
6.467793366920638887e-01 5.541616743541216694e-01
1.738526723737406077e-01 2.657260172972679135e-01
1.682014813875515047e-01 2.378053815698011053e-01
6.045354956802999336e-02 4.320306249187645942e-01
3.941557266783786151e-01 2.297020518831593971e-01
1.074280181959821057e-01 5.018361743833119615e-01
1.076467947984696000e-01 9.072431380621789887e-02
3.405820428993802107e-01 5.606404336422330381e-01
7.028843010839251892e-01 6.806735403375635540e-01
6.782289491050403907e-01 7.032473269240466784e-01
6.505851090413794502e-01 6.806772568557768466e-01
9.647478151529224888e-02 8.180060421220373135e-01
2.657885846184880885e-01 4.848789962224467898e-01
8.455628363505109102e-02 7.076224063202822823e-01
1.791119709144790018e-01 4.586308888834808029e-01
1.588246369265984004e-01 4.899328552274873072e-01
1.278919389386715122e-01 4.702617467755865754e-01
2.161053954194619084e-02 2.031250000000000000e-01
2.156572125387322125e-01 6.715409857317920783e-02
2.663713556923016923e-01 7.594276970638096369e-01
1.392493366439702951e-01 5.213095077427457591e-01
2.099714827917923132e-01 4.790116943364626789e-01
2.016578727805740101e-01 5.609971251354040067e-01
1.509792492874945102e-01 5.729657575437624439e-01
1.900312280288949107e-01 5.097781412166688675e-01
1.823547339342934948e-01 5.925403292153389456e-01
2.258877900823693108e-01 5.287958817662581357e-01
8.445299886887139840e-01 3.886357510647979185e-01
6.870896281675218376e-01 2.219146075756089909e-01
1.638033000414552132e-01 6.914536843556837731e-01
4.640935342444750811e-01 7.397368303843977755e-02
3.131852732436025133e-01 8.552789945827204976e-01
5.508099866388938004e-01 4.465261274101245959e-01
1.420181374035429933e-01 8.455540899974965940e-01
5.682544615931021253e-02 6.589969812372497016e-01
2.467158323602849090e-01 6.329479006606082425e-01
2.133844185139451011e-01 6.137918948350618020e-01
1.703572765478356954e-01 5.407203530754458587e-01
2.153883941269602864e-01 1.856059980743061111e-01
9.333895185287949259e-01 8.415714358904699544e-02
5.821252274950461381e-01 2.848034215059909724e-01
4.381986966089775892e-01 1.463200928751647034e-01
3.167568306665400901e-01 6.861048044074190555e-01
2.373843443808630049e-01 8.879264125602989166e-01
1.649381596722233057e-01 7.414473019131221365e-01
8.206881862679614725e-01 2.142038263081935956e-01
8.681553880123922262e-01 2.087025990137758025e-01
2.138513970535413089e-01 3.353456112255926991e-01
2.052043380559072927e-01 3.103062942810977942e-01
2.562885743095543734e-01 3.059065818754537758e-01
5.668706357329812429e-01 2.719756888831892025e-02
2.058574780391267123e-01 8.171209780910418941e-01
5.622051149136598758e-01 4.951964204940744185e-01
5.541799086381156147e-01 3.962431299480497215e-01
5.019774738492808197e-01 2.495658059989392941e-01
5.322799752897326986e-01 2.280940742534079135e-01
5.072905742099961257e-01 4.001843672110806938e-01
8.196069551933080621e-01 9.108706982149927800e-02
4.939501851859842141e-01 5.640282815408004247e-01
5.424604329377403777e-01 6.383891856423452582e-01
5.457041763119961919e-01 5.981011040394328404e-01
5.889041894215387707e-01 6.187243388361682861e-01
5.894647796991898253e-02 5.706311159971055869e-01
5.428075551759505846e-01 3.641738783831692250e-01
7.104533677562759053e-02 4.940498767311078676e-02
2.759251938706162866e-02 6.655777664911760594e-02
2.939491926381290199e-01 8.921087744133254782e-01
1.145010791531831940e-01 2.120341061847419994e-01
1.483549234667181083e-01 1.987867620940365065e-01
1.353700176024859869e-01 1.654679810538818019e-01
2.575286123746025127e-02 6.957561261164501021e-01
5.507251938929712265e-02 7.109994672570033591e-01
2.585376530667395922e-01 8.402547548360688179e-01
5.553813746185747302e-01 2.560991964078367933e-01
5.493419912227641699e-01 3.063174553817170076e-01
5.972752344107561118e-02 1.871340281515899984e-01
4.826182472734935058e-01 4.055596372159919194e-01
4.645073518795149736e-01 3.878401410262832805e-01
6.297004327747061092e-01 6.536715149976445316e-01
6.877295836900917392e-01 1.411931108276656133e-01
6.613175079087217911e-01 6.569069211513385298e-01
2.747688258283670915e-01 9.348161853784712205e-01
3.151691755476221934e-01 3.587612638665194087e-01
5.238337546270029899e-01 2.456939035433347920e-02
2.903888145646345009e-01 5.709023178355208117e-01
2.368899049138233071e-02 5.836072371076688192e-01
1.994988138024101909e-01 9.104450714788224763e-01
6.174503853270209980e-02 2.557209814815634974e-02
3.391631383224119056e-01 1.727046290193584022e-01
1.913445523917232938e-01 1.938116565345036069e-01
3.443502622394721269e-01 4.616717309322804219e-01
3.081370287652991924e-01 4.749762431703414833e-01
3.233468313437639075e-01 5.085627375712714615e-01
4.285890806334903824e-01 3.930872478463421915e-01
6.009962470236170917e-01 6.693238066257329866e-01
3.333518501757468111e-01 6.414727265097185382e-01
1.984596452329696892e-01 9.598531338851511441e-01
1.826503992226989059e-01 9.289166811608441376e-01
5.703687202191103367e-01 5.943083193989355806e-01
8.871779579468491717e-01 6.286064923779251246e-02
2.503756243626530931e-01 7.391829938116789567e-01
5.278544285901143329e-02 6.766488158972697176e-02
3.919681839018526737e-01 5.927028900879875717e-02
5.268599415546798559e-01 2.781414176323833143e-01
3.687424406852147230e-01 4.472596893356016734e-01
4.078124228744945956e-01 4.362529520935620742e-01
1.316133839380680126e-01 5.630684051304413879e-02
6.640280591228908680e-01 1.851750208432725864e-01
7.116984924596407858e-01 1.934181793599639987e-01
8.490510431340670960e-01 2.553342847735403098e-01
3.890446842833942265e-01 5.539443627267353065e-01
1.920869537837394114e-02 3.906250000000000000e-01
6.102716742756902901e-01 4.799862377735905072e-01
9.493222392788125408e-01 2.151310629657565976e-01
2.558990694540545091e-02 8.413508529547719661e-01
8.838918319551940517e-01 2.377637055234210067e-02
5.234186375227800614e-01 7.841005698226759524e-01
5.634248012512362846e-01 7.602691452313775633e-01
8.928528545104198466e-01 1.229704410848851959e-01
5.668972997881478459e-01 6.419914414103938816e-01
3.143242976719273218e-01 5.948605149597978592e-01
2.901477891305652146e-01 1.658285021376094126e-01
3.120832352843844193e-01 1.398783257999151874e-01
2.432115689648662871e-01 2.159097173895198063e-01
2.410820198770440015e-01 1.667704045512828082e-01
2.630579613612282208e-01 1.429297190766488923e-01
5.920579417726169469e-01 7.188727085461715793e-01
6.071170059182298129e-01 6.983104296620483709e-01
5.635407287670624044e-01 8.012836311896560648e-01
2.290383245373842913e-01 9.526628428774673862e-01
4.734129420508482733e-01 4.333301303415695860e-01
5.223078327491672557e-01 4.222886168368700233e-01
4.250898139568867751e-01 3.199634204395515047e-01
3.910687124880314891e-01 3.937893864401925126e-01
3.569369193159439013e-01 4.139425074052709985e-01
2.696592746748606162e-01 7.232549123099282218e-01
2.466369460842209038e-01 3.349226952441899940e-01
2.745190580808579139e-01 3.315798729782208909e-01
2.784282941105357123e-01 3.722524780290947244e-01
7.656250000000000000e-01 2.024175955077294961e-02
1.915238847894009874e-02 3.593750000000000000e-01
2.095114062083844875e-01 6.620835168850005559e-01
6.433382244959393592e-01 7.312076929016140259e-01
2.423627335826840090e-01 1.118184748127008937e-01
9.363943706295012603e-01 2.858402696647300845e-01
6.785110963542901885e-01 5.846557781380595786e-01
6.703095552302053006e-01 5.614333171130823086e-01
2.645839628349537162e-02 9.727184467826347491e-01
4.914901233888516185e-01 6.269751786699271356e-01
2.706783892155225080e-01 8.840477470404387583e-01
5.003458461419202363e-01 3.051714220822245860e-01
3.817652908786197119e-01 8.215604910740541555e-01
9.179842171078818058e-01 1.988655660586642893e-01
5.758616513928765945e-01 5.005475780493511689e-02
1.546186095385461978e-01 3.819902612817948073e-01
1.856081312036370057e-01 3.668468714561287092e-01
5.979421550315529021e-01 5.011729236348745342e-01
2.972877793021204140e-01 5.223042581440865417e-01
4.953418336892564944e-01 3.528849864584795992e-01
5.215813178091787128e-01 3.310241772444689756e-01
6.231458098521315270e-01 7.506806606143425764e-01
1.688380599270032090e-01 3.076043366279012092e-01
6.286965729551362569e-01 3.413344637369223888e-01
6.009637917510362026e-01 5.797221968360637412e-01
8.869111896441070342e-02 1.741245766899607028e-01
6.004934288248860996e-01 1.212384898529895033e-01
6.319790309567792086e-01 1.470469322133045875e-01
6.307908719557308030e-01 1.006281093261321979e-01
5.434502113235791798e-01 1.654740489203438136e-01
6.294933154860651303e-01 5.279116720635065318e-01
9.740212092104666430e-01 1.078475037132698988e-01
6.718750000000000000e-01 1.793020256910281968e-02
6.354577881664429384e-01 2.243309006232369063e-02
6.450224181073359597e-01 5.685575726888755094e-02
5.188586675025976813e-01 1.473998017896296919e-01
5.223642085253967782e-01 1.040066515228961069e-01
8.894266557967110964e-01 1.683755455649197930e-01
4.473271360607288805e-01 3.496401017238335851e-01
5.851651662996666392e-01 3.894613149458248103e-01
3.630577058515387923e-01 6.636651107730152654e-01
2.488826946035311016e-01 7.918523677275376427e-01
2.805375752513066812e-01 8.083393563154930295e-01
8.381419850595811516e-02 5.503117146759197720e-01
2.473172937876698119e-01 2.493300557586392019e-02
2.958958537981010162e-01 6.712788568683405455e-01
3.098900584510673184e-01 7.487101056464670057e-01
3.906250000000000000e-01 1.769683286336990943e-02
6.762180081909848761e-01 1.104055393705529048e-01
4.247513262549992841e-01 1.946007103554076023e-01
7.464280330471153579e-01 3.323371672306826841e-01
6.477223836734214979e-01 2.543472926055335148e-01
2.601643387152645023e-02 1.559698112989008068e-01
7.362220697125865243e-01 2.565489957337597215e-01
7.443080146233493899e-01 2.121479927334685989e-01
3.830016995132906055e-01 2.967160491026054059e-01
3.982283501968433836e-01 3.266646700184919205e-01
6.641580947261568335e-01 3.713751767841754203e-01
1.233325417813421060e-01 3.946610214753172863e-01
1.108785136472038996e-01 9.378540213878409082e-01
1.234710136354248006e-01 1.234008974385241986e-01
5.993863564175587744e-01 4.258068400540749865e-01
8.066723004443370204e-01 5.193415642577494662e-01
8.212334115467878615e-01 5.391207148339592914e-01
7.954047994604900307e-01 5.670595438575319891e-01
4.342667955840763261e-01 5.168884243232213516e-01
4.576669305464562965e-01 5.349279126856427702e-01
8.557554388444651994e-02 9.842115702806619737e-02
2.342157922601487141e-02 7.448693781831401406e-01
3.805572641485593932e-01 3.718744243447861808e-01
8.942270572618776781e-01 2.890008644697196205e-01
9.218186791236395727e-01 3.227571302452765800e-01
7.594064511127854855e-01 2.616778191952793264e-01
4.607702597289243251e-01 2.222673643374373925e-02
7.416369900630961354e-01 4.898765914252226072e-02
3.147904149350269076e-01 3.252669895565344915e-01
3.079751044825512207e-01 7.488160740054988773e-02
1.659743477974890968e-01 1.214520770164295993e-01
8.447482092839004864e-01 4.913343348326130733e-01
3.825393329625398908e-01 8.986665634647420520e-01
7.733612141753922753e-01 2.269568800275968135e-01
3.494621710774529766e-01 8.606325334345951705e-02
3.235068119183429070e-01 1.154630480931413961e-01
4.158777580772535787e-01 2.190400007430600912e-02
2.184631734999750025e-02 9.448772107598218950e-01
2.019110887742185945e-01 3.842870826659677830e-01
5.309847135073343383e-01 5.319810795946045001e-01
2.264520905929259115e-02 1.155929629633904998e-01
1.304345584761893995e-01 2.728849883459679160e-01
8.912131100166886810e-02 2.921720739243168219e-01
1.148455764290514935e-01 3.089787285945598261e-01
3.464264464788632258e-01 5.025383944116871282e-01
3.506226989424868767e-01 5.254079969343442569e-01
3.915962016526562950e-01 5.076601485063645391e-01
1.690438018460389130e-02 5.468750000000000000e-01
2.304965483811365901e-01 4.087032207509946891e-01
2.007646900759972042e-01 4.303079506930946874e-01
3.912507611879063180e-02 2.157777733049499880e-02
2.019061943633366010e-02 4.390678819773608660e-02
2.048777073008646935e-02 8.008826767643901778e-01
6.298093090342989919e-01 7.015252020134206123e-01
3.963587779842475678e-02 4.010472961655344726e-01
4.050938781112484732e-01 7.117024229982733541e-01
3.955392806989653787e-01 6.906345465229322134e-01
1.834936721423634925e-02 6.424157569984177973e-01
4.842206972016362132e-02 7.985665524369950363e-01
7.865323792174001571e-01 1.924581714156156920e-01
9.060807916454783895e-01 3.678880420908022808e-01
8.630772446088826877e-01 3.747435246572650147e-01
5.264868110181022409e-01 5.750149480271171676e-02
6.093750000000000000e-01 1.661167287331598991e-02
7.580120863967239053e-01 5.411140066405986104e-01
3.281250000000000000e-01 1.660441250935153906e-02
3.593750000000000000e-01 1.660441250935152865e-02
3.507507828282598883e-01 5.577834623474183656e-02
2.845136741949195747e-01 2.432496197305107979e-02
7.377988474655300388e-01 3.025061224183427933e-01
6.300140605224454626e-01 3.870657707234836931e-01
6.721886869220840000e-01 4.046573584884889940e-01
7.931486340910062771e-02 6.659151241038484548e-01
3.223045191109554786e-01 9.236721871905632097e-01
9.461909093971896390e-01 2.432558749556475997e-01
3.791265836722901988e-02 5.379507649933519264e-01
6.891718276269864774e-01 2.445364482542110862e-01
5.551439413382857069e-01 5.674018475284169361e-01
8.543740263053979378e-01 9.709021996889471984e-02
2.760112358363470131e-01 2.813452062266252884e-01
6.044022455806331573e-01 4.574951219063130847e-01
5.683086927485379025e-01 4.610026820902690115e-01
7.833737177322512846e-01 3.032187818780561761e-01
2.192706109766265898e-01 2.512258513341282806e-01
1.878382881522271952e-01 2.256623669678239075e-01
8.249445696671848793e-01 4.210035851288674857e-01
8.033285552230298165e-01 4.140148093170423205e-01
2.432613626605281965e-01 4.473602108143306944e-01
5.135043610199607755e-01 7.258391183897673349e-01
5.390291457491143134e-01 6.888236520637750493e-01
4.981395978437309080e-01 6.926568530616014074e-01
2.185500227462381928e-01 1.629766452615329930e-01
4.722126943335053784e-01 3.283688646072535078e-01
3.481446357841159189e-01 7.929121995917269849e-01
3.842344662158183044e-01 7.777583582789271421e-01
3.956201405709330876e-01 7.972952409132084695e-01
3.598634613920063119e-01 3.359804703743309862e-01
3.997748719585987875e-01 7.578113291610321101e-01
7.131475441629548939e-01 3.404594592039932865e-01
7.475245961837365671e-01 5.773292942351537782e-01
7.583886623845255137e-01 6.164318315610186616e-01
7.867253824263553685e-01 5.903704328032383097e-01
7.050314097465769647e-01 3.110248315187043033e-01
2.280314608001030863e-01 7.427963349613153632e-01
1.956832764461320096e-01 2.708931926884030061e-01
5.468750000000000000e-01 1.646089362761926980e-02
1.718750000000000000e-01 1.605060934575152851e-02
1.767631983737419921e-01 4.339324859989906330e-02
3.782514897161614043e-01 7.315509396733034242e-01
6.375634067193884924e-01 4.080874830609848014e-01
7.681133332289656890e-01 2.822308265933735072e-01
7.295636335387814531e-02 6.882581690855591461e-01
1.165368598666969985e-01 6.889528401263393942e-01
7.284172919788375333e-01 2.354229980176718029e-01
6.990686549949555184e-01 6.385529282664539896e-02
5.624669115688777365e-01 6.826222590079388253e-01
6.695907804708465250e-01 3.308563839302707255e-01
3.439487660447024253e-01 3.959482713025250233e-01
7.870384067717799415e-01 5.533615384313930741e-02
4.864529874061793158e-01 8.533999327359563791e-01
5.671770275786300886e-01 4.313315048356188841e-01
4.659099385437250745e-02 9.825494632452409505e-01
6.540694540804640189e-01 7.783194361669665273e-02
6.671203572748705124e-01 5.517322861962147690e-02
1.406250000000000000e-01 1.567435220233000942e-02
6.916690347172185227e-01 5.292403590322691809e-01
7.038867623077398328e-01 3.946727715044512919e-01
1.831823942581352060e-01 8.220263768703219842e-01
3.783944197300925794e-01 8.713176183815964926e-01
1.081066540562286987e-01 1.689447154455159944e-02
8.414966445850982080e-01 5.554813676364082908e-02
9.411396627884063282e-01 1.259698432183758987e-01
2.142887990299172096e-02 3.370340366178221081e-01
1.731257648060446908e-02 1.731257648060446908e-02
7.311541623585300353e-01 7.203160536288744087e-02
1.471649904168272072e-01 9.664339559003820579e-01
6.969813093394714443e-01 1.750874426345553903e-01
7.229422469217102742e-01 1.725501531368426045e-01
7.097130410226188957e-01 1.333406872815720012e-01
5.059170343967712979e-02 2.766294799694604123e-01
8.124123013149846528e-01 2.819822974558818807e-01
5.016152969126677075e-01 9.512719237516485682e-02
7.476995557302761330e-01 6.382484244612589563e-01
3.539525484462970883e-01 2.084667328791539875e-01
3.295086110335029850e-01 2.196129534459395904e-01
3.123107134872580848e-01 1.939851493366289981e-01
8.494090215538321331e-01 2.224010341309103078e-01
2.384575240540960928e-01 2.626168095946184167e-01
9.755020772962286202e-01 5.540986975345810889e-02
1.940259016115551960e-01 7.057090259771824359e-01
4.807107802177958966e-01 2.807455214366655905e-01
4.401346459650907206e-01 2.682847877892968191e-01
4.484717874469383858e-01 3.007905502845933943e-01
6.724974150588652888e-02 7.585881858123388888e-01
5.270233474271875940e-01 5.541499624919236089e-01
5.560248338217325947e-02 8.967605683580093245e-02
3.788522796943855075e-01 1.183883253971045046e-01
6.390313528058300108e-01 2.978016885808897896e-01
4.289192064604112065e-01 8.210898488210660595e-01
8.667597469949885891e-01 3.288913707687621812e-01
8.408053858005803960e-01 2.973003906244235939e-01
8.479861628191474043e-01 3.405787961634160199e-01
1.364025033695621114e-01 3.126891102872396133e-01
9.526584163005309414e-01 1.590168734903875045e-02
3.556464745313525078e-01 7.475689752604011140e-01
3.295252596621018881e-01 7.667664654473350661e-01
3.348861460408265045e-01 7.234627192716591715e-01
4.417713362769000174e-01 2.222744058857737959e-01
7.270598018967971976e-01 6.619268444843622312e-01
1.176508360280918014e-01 7.387590758831320548e-01
9.804828204158900773e-01 1.897395216934393003e-02
3.629306144632054032e-01 9.084753700884111716e-01
3.405295205367659950e-01 8.873107680633410821e-01
5.880689206318799878e-01 1.524155152760474086e-01
2.258498096490179075e-01 2.069747151214200095e-02
1.077528840818213068e-01 7.615515923701372536e-01
4.316986642460912127e-01 2.415933179358351890e-01
7.030540438626907696e-01 2.750271343709552729e-01
1.237114032132464042e-01 4.164488021504810789e-01
1.651772336777050099e-01 7.881530451072156218e-01
1.511551853267845136e-01 7.586384249518333123e-01
1.854848721990403071e-01 7.499808019872270526e-01
7.199778539716509274e-01 1.024200815827100985e-01
1.032289575149278049e-01 1.904581580558150078e-01
8.175544514516210892e-01 4.836749621426995049e-01
4.166813619957380754e-01 9.725349903860194822e-02
3.990839296217165155e-01 1.260538961851911943e-01
3.880602588494441729e-01 8.320013175660384563e-02
1.569547421098680881e-02 7.656250000000000000e-01
7.439526698179117492e-01 6.001981601490133933e-01
8.252446547069329785e-01 3.761300575798838253e-01
7.797110482466602654e-01 3.794542601631862855e-01
7.948418019722229833e-01 3.454950131529325175e-01
7.041548271304196582e-01 5.915777168871190206e-01
7.182952370941856346e-01 5.617361221269666638e-01
7.238892642732657201e-01 3.719256414942760935e-01
3.456426945487168223e-01 8.405015448254080646e-01
6.899106453586913990e-01 9.303109043226240327e-02
1.010258298485210982e-01 6.622676127922937361e-01
9.788612283286743931e-01 2.027084577305071911e-01
4.112698207096167069e-01 5.567839352190752100e-01
8.905025961017970504e-02 5.959459851442054923e-01
4.842480112078780263e-01 5.082549874180142258e-01
6.120914898854930286e-02 1.313991936993260945e-01
2.217624968404035002e-01 2.962558718819066073e-01
6.363759283834468095e-01 1.870771903943659054e-01
3.319278806134238202e-01 8.098266593246981060e-01
3.046549752516151122e-01 8.312903791307905133e-01
3.036416849705207976e-01 2.365545853531147991e-01
2.603277670622681228e-01 2.302865048330748066e-01
1.050299199590335048e-01 8.612453353710762816e-01
5.355117149497540252e-01 6.175550947723320583e-01
1.220332149224535034e-01 7.775497980180475777e-01
9.233143919354745710e-02 7.962779755779819668e-01
8.165790617133923679e-02 8.833416841542517384e-01
4.880962502814589765e-01 8.144012305153048858e-01
7.376379603831708653e-01 5.345370107978268948e-01
7.932465882915292754e-01 1.596106812872570002e-01
7.715075830246244104e-01 1.502385850355008046e-01
7.533337990213346824e-01 1.760968140339259080e-01
7.992411073939672539e-01 8.451612210405470837e-02
2.553086733021546206e-01 9.011844346027252095e-02
5.786222782931526032e-01 2.372785084886344098e-01
5.298990388558088016e-01 1.241496027243697980e-01
9.145603791290912721e-01 2.499814213628956117e-01
3.998195120968895955e-01 2.508414289525389140e-01
3.686689679586124813e-01 2.707747459430360770e-01
3.983925411465735200e-01 2.082311149844016107e-01
2.908359905882941243e-01 7.204059181139456092e-01
3.794719786415250984e-01 1.859415775486635003e-01
3.870353748887799816e-01 1.645848223514405906e-01
3.488651104023519078e-01 1.536305786533634088e-01
5.926134825806518291e-01 7.405032014242182159e-01
